# Created by Octave 6.2.0, Fri Aug 06 23:13:54 2021 CEST <sudarson@sud-gl62>
# name: K
# type: matrix
# rows: 6
# columns: 6
 128147239.26380371 0 0 -128147239.26380371 0 0
 0 319295.97365073551 260226.2185253494 0 -319295.97365073551 260226.2185253494
 0 260226.2185253494 282779.15746421297 0 -260226.2185253494 141389.57873210649
 -128147239.26380371 0 0 128147239.26380371 0 0
 0 -319295.97365073551 -260226.2185253494 0 319295.97365073551 -260226.2185253494
 0 260226.2185253494 141389.57873210649 0 -260226.2185253494 282779.15746421297


# name: Kp
# type: matrix
# rows: 6
# columns: 6
 98771653.543307185 0 0 -98771653.543307185 0 0
 0 409012.25991428446 519445.57009114133 0 -409012.25991428446 519445.57009114133
 0 519445.57009114133 879594.49868766591 0 -519445.57009114133 439797.24934383295
 -98771653.543307185 0 0 98771653.543307185 0 0
 0 -409012.25991428446 -519445.57009114133 0 409012.25991428446 -519445.57009114133
 0 519445.57009114133 439797.24934383295 0 -519445.57009114133 879594.49868766591

K =

   1.2815e+08            0            0  -1.2815e+08            0            0
            0   3.1930e+05   2.6023e+05            0  -3.1930e+05   2.6023e+05
            0   2.6023e+05   2.8278e+05            0  -2.6023e+05   1.4139e+05
  -1.2815e+08            0            0   1.2815e+08            0            0
            0  -3.1930e+05  -2.6023e+05            0   3.1930e+05  -2.6023e+05
            0   2.6023e+05   1.4139e+05            0  -2.6023e+05   2.8278e+05

Kp =

   9.8772e+07            0            0  -9.8772e+07            0            0
            0   4.0901e+05   5.1945e+05            0  -4.0901e+05   5.1945e+05
            0   5.1945e+05   8.7959e+05            0  -5.1945e+05   4.3980e+05
  -9.8772e+07            0            0   9.8772e+07            0            0
            0  -4.0901e+05  -5.1945e+05            0   4.0901e+05  -5.1945e+05
            0   5.1945e+05   4.3980e+05            0  -5.1945e+05   8.7959e+05

